68,33,82,65,23,48,67,17,87
52,72,87,94,75,36,18,47,34,61,66,24,73
24,77,33,26,82,17,44,68,49,92,48,42,47
69,16,41,32,39,29,57,77,49,42,19,68,33,92,82,78,65,91,95,81,23,53,24
48,14,25,44,75,94,31,66,36
19,33,92,65,48
17,78,75,37,67,14,33,94,42,24,82,23,44,91,25
87,64,18,72,45,36,56,34,96,41,32,57,49
53,24,36,81,47,37,17
92,78,95,23,24,48,14,47,25,75,94,31,64
42,68,26,33,72,77,36,92,56,62,57,49,32,41,29
48,18,95,44,91,75,67,73,64,94,31,17,61,72,47,14,23,37,25,24,66
19,33,92,82,78,65,91,81,23,53,24,48,14,47,25,44,75,94,61
42,62,23,32,81,16,57,78,96,39,69
34,56,72,62,18,31,45,41,69,64,77,32,39,42,36,52,96
68,33,92,82,65,95,81,48,14,67,25,17,37,75,94,61,87
14,87,67,73,18,37,61,31,25,34,45,96,47,62,44,17,75,72,94
39,47,77,48,68,91,67,42,57
66,64,94,87,65,23,75
17,37,42,49,48,68,67,24,47,77,19,91,23
32,53,24,16,82,57,41,19,78,48,65,81,91,49,42,29,92,95,77,33,23
44,25,61,14,31,37,47,72,34,75,18,94,17,66,52,87,36
48,47,67,17,37,31,66,72,45,56,52,34,96
36,56,52,96,62,69,16,39,57,77,49,19,92,78,65
82,78,95,23,53,14,67,94,61,31,18
18,73,72,45,56,52,34,96,62,16,41,32,39,57,26,77,42,19,68
32,69,62,73,45,31,64
18,61,14,81,95,87,31,73,91,94,75,44,53,65,67,64,48,24,37
57,56,32,77,39,62,34,18,72,36,29,31,73,87,52,96,45,26,16
57,26,77,49,42,19,68,33,92,82,78,65,91,95,81,23,53,24,48,14,47,67,25
42,33,92,78,65,91,95,81,23,53,24,47,67,25,94
18,94,24,73,61,47,81,53,44,48,67,31,14,95,75,45,25,87,64,37,17
73,66,72,45,36,56,52,34,96,69,16,41,32,39,57,26,77,49,42,19,68
95,31,67,47,91,17,61,72,66,53,25,87,18,23,81,94,37,44,24,64,73
49,19,33,92,78,91,95,23,24,48,47,67,44
39,65,53,92,33,95,81,26,32,29,91,82,41,77,49,24,16,69,78,57,23,68,42
56,52,16,41,32,39,29,77,49,42,19,68,92,65,91
53,24,48,14,47,67,25,17,37,75,94,61,87,31,64,18,72,45,36,56,52
31,62,64,96,56,67,94,72,69,61,18,87,52,25,73,66,75,44,47
64,16,26,72,41,31,34,66,61,45,18,39,69,94,96,73,62,36,87,52,57
72,45,69,49,42,19,68
47,37,75,31,18,66,69
69,16,57,82,95,23,24
29,95,92,34,57,33,91,49,62,26,39,19,96,69,16,78,32
77,68,26,42,19,41,69,29,18
48,65,78,49,68,39,81,82,26,67,19,77,95,24,91,29,53,47,57,92,33
92,24,81,65,14,95,17,67,23,19,61,91,44
96,48,31,67,56,52,14,45,61,34,75,94,25,47,37,17,87,64,66,44,72
56,69,39,29,42,65,91
37,75,61,87,31,64,18,72,56,52,96,62,69,16,41,39,29
23,33,49,65,77,14,37,92,47,19,82
52,34,77,72,29,87,41,32,18,66,39,96,36,26,73
62,69,16,18,72,94,75,66,96,56,32,41,37
36,69,41,16,82,33,68,77,62,65,29
42,19,68,33,92,78,65,95,81,23,53,24,48,14,47,25,44,75,94
96,87,57,39,75,36,45,41,32
78,47,67,14,42,37,94
62,49,19,78,53,57,39,81,26
94,87,31,64,18,66,72,45,52,34,96,62,16,41,32,39,57
57,81,77,68,23,14,33,95,82,26,49,48,65,53,32,24,19,78,42,39,41,92,29
67,25,44,37,75,61,64,18,73,45,16
81,24,47,25,44,75,94,87,64,18,73,45,36
65,91,81,23,53,24,48,14,47,67,25,44,17,94,61,87,31,64,18,73,66
23,53,47,44,17,37,94,61,87,31,73,66,72,36,56
64,36,66,31,16,18,56
87,31,69,41,49
48,91,68,23,26,67,92,81,77,24,25,78,53,65,17,95,14,33,44
49,68,53,16,69,33,82,29,81,26,77,23,19,95,57,39,42,65,78,32,92,91,24
47,37,73,72,36,14,94,66,24,87,52,34,18,17,61
94,61,45,36,56,34,29,57,26
77,26,78,81,34,62,33,57,82,19,91,69,65,49,32,96,92
95,23,53,47,67,25,44,17,37,75,94,87,31,64,18,73,66
23,26,14,41,68,78,29
87,23,61,94,48,17,95,82,18,64,53
81,75,64,61,53,47,14,67,44,48,31,72,18,87,94,17,95,37,24,23,66,73,25
53,24,25,44,37,75,94,61,87,31,64,73,66,56,52
29,57,26,77,49,42,19,68,82,78,65,95,48,67,25
19,36,49,62,96,73,45,18,64
96,69,16,41,32,91,23
91,81,53,24,48,14,47,44,17,37,94,87,73,66,72
92,95,31,94,44,33,24,14,67,23,81
18,81,17,66,64,87,14,65,24,25,95,53,48,67,75,94,61
53,24,14,37,61,87,18,45,36,56,52
32,18,72,29,34,36,73,69,52,87,41,64,45,61,37
47,67,17,37,94,61,87,31,18,45,52,34,96,62,69
78,77,82,39,48,14,57,81,23,95,26,92,68,49,53,29,32
78,24,42,68,41,57,29,82,77,32,39,14,91
36,45,31,56,39,64,34,52,66,72,18,26,73,16,41,29,96,49,62,77,69,42,57
47,25,17,37,94,87,31,52,69
77,68,91,81,53,24,48
17,75,94,61,64,73,66,36,52,96,62,16,39
87,69,37,72,36,62,39,96,45,66,17,64,56,18,73,31,34,52,94,16,32,61,75
31,64,18,72,32
24,72,45,53,25,37,23,44,64,75,36,66,81,94,48
45,36,69,29,42
57,26,77,19,81,23,48,14,44
62,41,32,39,29,57,26,77,42,19,92,82,65,91,95,81,53
56,52,34,69,16,41,32,39,29,77,49,42,68,82,91
29,56,66,34,49,36,96,32,18,69,16,52,72,41,57,45,39,19,42,77,64
36,45,68,77,39,69,49,92,26,41,32,57,19,33,96,78,34,52,42,29,62
45,64,52,72,24,67,53
16,69,32,42,92,45,41,26,19,39,36,77,56,82,78,96,34
69,16,41,32,39,29,57,26,77,49,42,19,33,92,82,78,91,81,23,53,24
33,92,82,78,65,91,95,81,23,53,24,48,47,67,25,44,17,37,75,94,61,87,31
95,39,48,49,23,24,42,33,29,57,91,65,81,14,92,19,41,32,82,77,78
19,36,77,26,56,96,39,49,29,64,32,69,42
68,77,81,34,33,19,96
45,17,36,24,47,56,37,61,75,94,18
41,65,16,42,78,81,69,26,92
19,65,78,14,49,75,53,33,17,82,67
14,47,44,75,45,96,62
57,19,68,33,65,23,53,47,44
53,24,44,17,37,75,64,18,73,72,52
41,32,39,29,57,26,77,49,42,19,68,92,82,78,65,91,95,81,23,53,24,48,14
95,81,23,53,24,48,47,25,44,37,94,61,87,64,18,73,45
65,68,44,14,91,61,23,25,67,19,37,81,17
66,17,37,94,64,18,95,73,25,81,47,48,61,31,24,14,23,72,53,44,87
53,48,14,67,17,87,31,64,73,45,36,56,52
18,39,41,96,34,57,73,32,64,16,69,66,62,26,45
29,26,49,42,19,78,65,95,81,53,67
77,68,39,56,36,34,82,26,33,62,42,78,65,29,16,96,19,41,49,57,92
25,94,61,87,31,64,18,66,45,36,56,52,62,69,41
19,33,95,81,44,37,61
37,73,61,64,52,34,45,31,96,66,62,25,44,56,17,87,67,75,18,94,72,36,14
45,36,34,16,77,49,78
61,87,31,64,18,66,72,45,96,16,41,39,29,57,77
87,47,96,37,31,48,67
77,26,96,39,49,72,45,32,68,52,66,69,19,34,29,57,73,42,16,36,41,62,56
61,87,64,72,45,36,96,62,69,16,39,29,57
61,31,64,18,73,66,72,45,56,52,34,62,16,32,77
18,66,72,52,34,39,26,77,68
94,67,48,65,81,19,23,53,25,95,44,78,17,91,14,24,47,92,33,61,37
18,66,72,56,52,16,41,32,57,26,77,49,42,19,68
48,94,87,53,17,18,91,25,67
14,45,52,36,25,44,37,62,87,17,67,64,73
25,17,37,75,94,61,87,64,66,72,36,34,96,62,69,16,41
48,14,47,67,25,44,17,37,75,94,61,31,64,18,73,72,45,36,52,34,96
45,52,18,87,37,96,44,64,61,75,34
36,32,45,72,61,77,57
39,91,49,24,29,23,67,77,57,33,48,68,42
23,64,91,25,61,95,24,37,17,14,94
92,82,78,65,91,95,81,23,53,48,14,47,67,44,37,75,87,31,64
65,91,95,81,23,53,24,48,14,47,67,25,44,17,37,75,61,87,31,64,18,73,66
25,17,87,53,67,48,72,14,36,18,61,37,56,66,47,23,73,94,64,24,45,75,31
26,77,49,42,19,68,92,82,78,65,81,53,24,48,14,47,25,44,17
78,14,91,77,42,44,37,48,53,81,67,82,19
39,29,26,49,42,33,95,23,48,47,67
81,23,48,44,37,94,61,18,66,72,36
18,31,14,67,47,52,24,66,45,56,37,34,94
26,77,49,42,19,92,82,78,95,53,24,48,67,44,17
73,64,31,87,16,26,29,18,66,94,61
23,92,61,44,25,94,82,33,19
67,24,92,49,14,23,17,75,95,48,44,53,33
14,47,67,25,44,17,37,75,94,61,87,31,73,66,72,45,56,52,34,96,62
16,41,32,42,19,92,82,78,65,91,95,23,53
65,94,31,64,18
78,68,37,25,75,17,48,47,44,95,33,91,53,23,14,42,19,92,82,65,24,81,67
64,18,73,45,96,16,39,29,77,49,19
24,82,44,75,68,53,48,47,92,67,81,19,49
94,61,52,96,41,39,29
39,37,87,56,32,96,31,94,69,61,72
62,68,52,29,91,19,33,65,26
16,41,32,39,29,57,26,77,49,42,19,68,33,82,78,65,91,53,24
14,37,53,42,81,44,67,68,78,47,91,33,82,48,95,23,65,17,94,75,24
94,61,87,31,64,18,73,66,72,45,36,56,52,34,62,69,16,41,32,39,29,57,26
19,95,42,52,34,57,49,96,77,26,82,78,16
77,42,81,23,53,14,47
73,66,72,45,36,56,52,96,62,69,16,41,32,39,29,57,26,77,49,42,19,68,33
62,69,16,41,32,77,19,33,92,82,53
56,96,39,68,82,65,91
68,49,34,41,16,72,19,52,96,77,26,69,39,33,42,56,62,92,57,36,66,29,45
41,26,42,96,64,19,29
34,39,92,29,16,77,42,56,32,19,69,36,57,41,96,33,65,26,68
69,77,96,41,57,39,82,91,81,95,34
82,95,81,53,14,67,25,44,17,37,75,94,61,31,18
39,57,26,42,68,33,82,91,53,24,48,14,67
77,49,42,19,33,92,82,78,91,95,81,23,53,24,48,14,47,67,25,17,37
67,25,44,37,75,94,31,64,18,66,72,56,52,34,96,69,16
42,19,57,62,23,65,41,81,53,33,92,95,77
33,44,68,23,37,17,95,67,14,87,61
18,64,75,95,67,25,23,53,47,78,87,61,48,91,94,65,81,31,14,24,44,37,82
57,42,92,53,26,25,78,81,44,67,95,82,77,33,24,68,48,49,23,14,19,91,47
81,29,68,42,19,92,67,78,82,25,95,26,14,91,49
16,18,29,73,34,96,64,72,77,36,26,56,87,57,52,45,61
72,41,19,45,18,42,66,39,62,29,36,32,34,77,64,26,52,69,57,49,73,16,56
24,48,14,47,67,44,17,37,75,94,61,87,31,64,66,56,34
37,75,61,65,31,47,87
78,95,53,47,25
29,72,36,68,39,57,49,82,62,41,33,77,92
33,53,78,14,77,82,32,49,39
78,65,91,95,81,53,24,48,14,67,25,44,37,75,61,87,31,64,73
56,96,45,41,49,72,36,73,68,42,29,62,34,16,33,69,66,32,77
47,67,25,44,17,37,94,61,87,31,18,73,66,72,45,36,56,52,34,96,69
95,23,48,14,67,75,87,73,45